2.693514739229025
3.111473922902494
3.9706122448979593
4.829750566893424
5.038730158730159
5.2477097505668935
5.688888888888889
5.897868480725624
6.106848072562358
6.548027210884354
6.757006802721088
8.684263038548753
8.893242630385487
9.102222222222222
9.334421768707482
9.543401360544218
10.193560090702947
11.470657596371883
11.679637188208616
11.888616780045352
12.538775510204081
12.747755102040816
12.979954648526077
15.534149659863946
16.184308390022675
16.39328798185941
17.04344671201814
18.11156462585034
18.970702947845805
19.59764172335601
19.806621315192743
20.48
21.31591836734694
21.524897959183672
22.38403628117914
23.2431746031746
24.961451247165535
25.820589569160997
26.679727891156464
28.398004535147393
28.606984126984127
29.257142857142856
29.675102040816327
30.116281179138323
31.811337868480727
32.670476190476194
33.111655328798186
33.52961451247165
35.03891156462585
35.247891156462586
36.10702947845805
36.96616780045351
39.54358276643991
40.40272108843537
41.67981859410431
41.88879818594104
42.09777777777778
42.956916099773245
43.816054421768705
44.257233560090704
46.11482993197279
46.393469387755104
47.25260770975056
48.970884353741496
49.83002267573696
50.24798185941043
50.68916099773243
51.1071201814059
51.525079365079364
54.102494331065756
55.61179138321995
55.82077097505669
58.39818594104308
59.86104308390023
65.68925170068027
66.6877097505669
69.75274376417234
70.19392290249434
70.40290249433106
71.26204081632653
71.68
72.09795918367347
75.09333333333333
75.97569160997732
76.18467120181406
77.25278911564625
78.11192743764173
78.76208616780045
79.83020408163266
81.54848072562358
83.91691609977325
84.10267573696144
85.40299319727892
85.82095238095238
88.81632653061224
89.88444444444444
91.83492063492064
92.25287981859411
92.67083900226757
104.88453514739228
109.20344671201813
111.757641723356
112.17560090702948
112.38458049886621
113.89387755102041
114.10285714285715
114.9619954648526
115.4031746031746
115.82113378684807
117.539410430839
118.39854875283447
119.25768707482993
120.7437641723356
120.92952380952381
122.46204081632654
122.67102040816326
124.18031746031745
124.38929705215419
124.59827664399093
125.24843537414966
126.10757369614512
126.5255328798186
128.3831292517007
128.68498866213153
129.544126984127
131.2391836734694
132.09832199546486
132.53950113378684
132.95746031746032
133.3986394557823
133.81659863945578
136.39401360544218
138.1122902494331
140.6897052154195
147.98077097505669
148.97922902494332
152.04426303854876
152.48544217687075
152.67120181405895
153.97151927437642
154.3894784580499
157.38485260770975
158.45297052154194
160.40344671201814
161.2393650793651
162.12172335600906
165.74403628117915
166.20843537414967
166.39419501133787
167.6712925170068
168.97160997732425
171.10784580498867
172.17596371882087
173.24408163265306
174.75337868480725
174.96235827664398
175.82149659863944
177.5397732426304
